[[0.0, 2538.943481056638, 2873.8046210555094, 2575.27338354591, 2318.0994370388858, 2158.707946897866, 2216.584083674698, 3174.0396972942854, 3371.1345271288124, 3540.238410050939, 1737.0011514100963, 1375.3908535394585, 1695.9649170899734, 1250.769762985978, 1617.242406072757, 2492.965503170872, 2617.3813249123637, 2757.6100159377143, 2478.0185632880152, 2386.868241022114, 2775.3019655525777, 3023.0517693218553, 2163.0628747218607, 2203.686456826379, 2116.048439899238, 2312.692370377003, 1876.5247133997464, 2214.3938222457177, 1241.815606279773, 1561.0483656824986, 1255.3585145288178], [2538.943481056638, 0.0, 1073.53854145997, 111.28791488746656, 266.83515510516975, 395.03164430207363, 410.11827562302074, 637.9420036335591, 853.5537475753944, 1055.004265394221, 910.1917380420457, 1163.791218389278, 869.009205935127, 1308.7723255020333, 2388.8593512385783, 370.87059737865445, 907.9300633859416, 1136.2697743053805, 908.0143170677431, 1263.5418473481598, 1572.1415330688264, 1732.2909686308476, 629.08584469848, 1060.2490273515934, 1350.4106782753163, 1896.574807383036, 2049.6929038273024, 2290.0275107517814, 1510.8275877809485, 1739.092291973028, 2089.4882148507086], [2873.8046210555094, 1073.53854145997, 0.0, 964.4946863513557, 988.6364346917425, 1094.3239922436135, 1382.7313549637904, 1240.1455559731687, 1460.2537450730952, 1686.9964433868852, 1201.6555246825108, 1687.1185494801484, 1579.9778479459767, 1883.677254733411, 3239.3558001553333, 730.6161783043132, 267.0318333083155, 171.26587517658035, 398.2875845416224, 602.1270630024862, 612.1601097752123, 692.3618995872029, 820.0, 
681.1967410374186, 878.8003186162372, 1208.5085849922623, 1592.0364317439473, 1667.6345522925578, 1635.9073934670018, 1515.231005490582, 1949.2588335056994], [2575.27338354591, 111.28791488746656, 964.4946863513557, 0.0, 262.0534296665472, 416.70733134899365, 503.56330287263785, 624.7247393852751, 854.9157853262507, 1068.4179893655853, 907.2298495971129, 1204.1382810956557, 928.5687912050458, 1359.5182970449496, 2481.9379524879346, 279.0161285660741, 806.7440734210571, 1031.814905881864, 815.8388321231099, 1179.5494902716036, 1473.5026297906631, 1628.0740155164935, 582.3830354672086, 989.4690495412174, 1284.001557631454, 1822.562207443137, 1998.2517358931532, 2225.754928108663, 1509.8519794999772, 1705.4867340439796, 2069.961352296221], [2318.0994370388858, 266.83515510516975, 988.6364346917425, 262.0534296665472, 0.0, 163.35544068074378, 395.1404813480897, 885.0, 1110.8559762633497, 1318.1915642272938, 648.5260210662329, 952.0068277066084, 701.3814939104111, 1115.9435469592536, 2313.8573854064557, 268.28715958837836, 774.3616726052497, 1012.6964007045744, 737.2875965320453, 1059.8080014795132, 1410.8472631720274, 1596.696902984408, 377.6373922163959, 832.2169188378713, 1111.9802156513397, 1666.720432466105, 1792.438004506711, 2044.8298217700171, 1250.9728214473726, 1473.3570510911468, 1823.0534824848119], [2158.707946897866, 395.03164430207363, 1094.3239922436135, 416.70733134899365, 163.35544068074378, 0.0, 338.6340207362515, 1030.3416908967627, 1248.5799934325394, 1447.6864301360292, 522.6442384643688, 789.7442624039759, 541.912354537152, 952.5885785584456, 2171.9477433861066, 407.6824744822863, 859.4143354634015, 1096.7319636082464, 797.7794181351134, 1080.270336536184, 1462.0988338686273, 1663.9092523331915, 366.7601396008023, 830.9524655478194, 1089.124878055772, 1648.8765872556987, 1728.7964021249004, 2002.656236102442, 1118.7323182960256, 1383.186176911843, 
1710.9929865431945], [2216.584083674698, 410.11827562302074, 1382.7313549637904, 503.56330287263785, 395.1404813480897, 338.6340207362515, 0.0, 984.0675789802243, 1160.2572990505166, 1323.7012502827063, 776.1713728294802, 857.1493452135397, 520.714893199724, 966.5702250742054, 1979.3918257889216, 655.0801477681948, 1168.2893477217021, 1406.8439856643663, 1122.520823860297, 1418.32471599419, 1792.9199647502394, 1986.8137809065047, 705.352394197397, 1169.3609365803186, 1422.579347523364, 1982.217192943296, 2033.6986010714568, 2323.0680145015126, 1323.8704619410466, 1661.9293005419936, 1949.8564049693505], [3174.0396972942854, 637.9420036335591, 1240.1455559731687, 624.7247393852751, 885.0, 1030.3416908967627, 984.0675789802243, 0.0, 243.41733709824368, 473.76787565220167, 1531.9520227474488, 1798.7384468009795, 1489.8432803486412, 1935.409259045745, 2880.6209400058174, 828.0320042123976, 1207.4390253756087, 1372.6547271619327, 1277.62279253307, 1657.6718613766718, 1841.587630279917, 1928.164412076937, 1185.5399613678148, 1527.2491610735951, 1824.698605249645, 2323.7594539882994, 2567.0638870117746, 2756.3113031731377, 2134.574899130972, 2308.767636640812, 2686.8414541985912], [3371.1345271288124, 853.5537475753944, 1460.2537450730952, 854.9157853262507, 1110.8559762633497, 1248.5799934325394, 1160.2572990505166, 243.41733709824368, 0.0, 232.1120419107979, 1759.3819937694032, 1998.9137049907883, 1677.4912816464948, 2124.560425123277, 2981.513877210703, 1070.0247660685243, 1443.7995013158857, 1599.8128015489813, 1518.2582125580616, 1897.7460314805035, 2067.4605195746785, 2141.560645884211, 1424.6448680285202, 1770.5801309175476, 2067.9296409694407, 2564.186030692781, 2810.4499639737405, 2998.5303066669176, 2361.7319915688995, 
2549.206150941897, 2923.2839410498595], [3540.238410050939, 1055.004265394221, 1686.9964433868852, 1068.4179893655853, 1318.1915642272938, 1447.6864301360292, 1323.7012502827063, 473.76787565220167, 232.1120419107979, 0.0, 1965.105849566379, 2175.677365787492, 1844.40911947431, 2289.816804899466, 3056.557050015589, 1295.3397237790555, 1675.6804587987533, 1829.1049723840347, 1750.25712396779, 2129.827223039465, 2295.9253036629916, 2364.201768039268, 1645.0206685631642, 2000.4624465358004, 2298.1281513440454, 2796.24212113329, 3038.7992694483787, 3230.002476779236, 2565.6675544582936, 2770.415131347647, 3138.197093874124], [1737.0011514100963, 910.1917380420457, 1201.6555246825108, 907.2298495971129, 648.5260210662329, 522.6442384643688, 776.1713728294802, 1531.9520227474488, 1759.3819937694032, 1965.105849566379, 0.0, 493.7823407129907, 526.6896619452484, 691.6010410634154, 2105.053443502088, 765.8511604744097, 934.6667855444528, 1127.3491029845193, 809.9956790008204, 904.0049778624009, 1340.860917470563, 1581.4730475098208, 426.5301865050116, 638.4426364208456, 776.3362673481125, 1304.6014717146381, 1272.039307568756, 1585.587903586553, 602.6715523400785, 886.1021385822291, 1189.8714216250426], [1375.3908535394585, 1163.791218389278, 1687.1185494801484, 1204.1382810956557, 952.0068277066084, 789.7442624039759, 857.1493452135397, 1798.7384468009795, 1998.9137049907883, 2175.677365787492, 493.7823407129907, 0.0, 348.28293096274473, 197.89138435010253, 1624.3832675818844, 1155.6353231015396, 1420.4453526975262, 1619.8756125085654, 1300.56141723488, 1384.4421259120945, 1822.858469547211, 2067.371761440114, 880.2232671316976, 1125.3203988198206, 1216.1385611845387, 1690.311805555413, 1530.1584885233294, 1884.8129880706997, 601.2403845384972, 1091.5841699108685, 1234.0279575439124], [1695.9649170899734, 869.009205935127, 1579.9778479459767, 928.5687912050458, 701.3814939104111, 541.912354537152, 520.714893199724, 1489.8432803486412, 1677.4912816464948, 1844.40911947431, 526.6896619452484, 348.28293096274473, 0.0, 447.0727010229992, 1659.3830178714015, 945.6733051112313, 1322.9678756492917, 1546.9873949066296, 1226.3380447494892, 1403.6071387678248, 1831.5266855822767, 2061.3648391296483, 764.7025565538538, 1133.285930381208, 1301.6681604771625, 1829.7270288215125, 1755.1666587535212, 2088.871705012062, 899.4470523605045, 1335.0374526581643, 1541.7457637366804], [1250.769762985978, 1308.7723255020333, 1883.677254733411, 1359.5182970449496, 1115.9435469592536, 952.5885785584456, 966.5702250742054, 1935.409259045745, 2124.560425123277, 2289.816804899466, 691.6010410634154, 197.89138435010253, 447.0727010229992, 0.0, 1436.231875429591, 1334.0014992495323, 1617.2130348225617, 1817.7007454473908, 1498.164543700057, 1578.1726774976178, 2016.4691914333825, 2262.0674172093104, 1073.3722560230444, 1321.1196009445928, 1400.4492136453932, 1856.0681560761716, 1659.2202988150789, 2021.8696792820253, 700.4691285131701, 1216.5973039588737, 1299.0465734530076], [1617.242406072757, 2388.8593512385783, 3239.3558001553333, 2481.9379524879346, 2313.8573854064557, 2171.9477433861066, 1979.3918257889216, 2880.6209400058174, 2981.513877210703, 3056.557050015589, 2105.053443502088, 1624.3832675818844, 1659.3830178714015, 1436.231875429591, 0.0, 2577.785483704957, 2981.55194487703, 3202.0409116686815, 2879.929339410952, 3006.663433109865, 3444.743531817717, 3686.523701266547, 2422.5560881019865, 2743.3937012393976, 2836.643791525471, 3274.062461224587, 3007.762291139378, 
3379.3326264219686, 2057.574542999597, 2575.281926314088, 2505.1634677202205], [2492.965503170872, 370.87059737865445, 730.6161783043132, 279.0161285660741, 268.28715958837836, 407.6824744822863, 655.0801477681948, 828.0320042123976, 1070.0247660685243, 1295.3397237790555, 765.8511604744097, 1155.6353231015396, 945.6733051112313, 1334.0014992495323, 2577.785483704957, 0.0, 540.5645197383935, 773.6795202149273, 537.9414466277905, 900.8446036914469, 1201.7470615732746, 1367.5938724636053, 367.00953666083393, 719.7117478546533, 1016.9886921691902, 1547.8065124556106, 1745.9221059371464, 1958.317900648411, 1352.7531186436054, 1481.8478329437203, 1868.4844125654354], [2617.3813249123637, 907.9300633859416, 267.0318333083155, 
806.7440734210571, 774.3616726052497, 859.4143354634015, 1168.2893477217021, 1207.4390253756087, 1443.7995013158857, 1675.6804587987533, 934.6667855444528, 1420.4453526975262, 1322.9678756492917, 1617.2130348225617, 2981.55194487703, 540.5645197383935, 0.0, 238.60008382228202, 141.89080308462562, 466.6529759896534, 668.2828742381478, 827.3626774274992, 559.0724461105198, 451.9568563480368, 699.908565456946, 1128.6828606831948, 1446.3782354557193, 1576.3644883084623, 1384.490158867155, 1310.8047146695803, 1740.6665390016549], [2757.6100159377143, 1136.2697743053805, 171.26587517658035, 1031.814905881864, 1012.6964007045744, 1096.7319636082464, 1406.8439856643663, 1372.6547271619327, 1599.8128015489813, 1829.1049723840347, 1127.3491029845193, 1619.8756125085654, 1546.9873949066296, 1817.7007454473908, 3202.0409116686815, 773.6795202149273, 238.60008382228202, 0.0, 322.37400639629743, 437.59456120934595, 469.0927413635815, 596.2591718372138, 782.8588633974837, 554.0081226841354, 720.7065977219856, 1038.0004816954565, 1422.9462393217814, 1496.877082462017, 1516.055737761643, 1361.6258663818046, 1795.969376130896], [2478.0185632880152, 908.0143170677431, 
398.2875845416224, 815.8388321231099, 737.2875965320453, 797.7794181351134, 1122.520823860297, 1277.62279253307, 1518.2582125580616, 1750.25712396779, 809.9956790008204, 1300.56141723488, 1226.3380447494892, 1498.164543700057, 2879.929339410952, 537.9414466277905, 141.89080308462562, 322.37400639629743, 0.0, 380.48915884687176, 673.7039409117331, 866.1697293256098, 464.34577633483434, 313.93311389530095, 578.581887030695, 1046.136702348216, 1330.7174756498841, 1483.187108897593, 1243.4830115445889, 1175.1595636338072, 1603.205850787727], [2386.868241022114, 1263.5418473481598, 
602.1270630024862, 1179.5494902716036, 1059.8080014795132, 1080.270336536184, 1418.32471599419, 1657.6718613766718, 1897.7460314805035, 2129.827223039465, 904.0049778624009, 1384.4421259120945, 1403.6071387678248, 1578.1726774976178, 3006.663433109865, 900.8446036914469, 466.6529759896534, 437.59456120934595, 380.48915884687176, 0.0, 438.4164686687762, 684.965692571533, 714.07912726812, 270.3368269400231, 289.394194827747, 666.5568242843216, 993.6422897602537, 1109.990990954431, 1152.389691033376, 931.6158006388686, 1365.0073259876667], [2775.3019655525777, 1572.1415330688264, 
612.1601097752123, 1473.5026297906631, 1410.8472631720274, 1462.0988338686273, 1792.9199647502394, 1841.587630279917, 2067.4605195746785, 2295.9253036629916, 1340.860917470563, 1822.858469547211, 1831.5266855822767, 2016.4691914333825, 3444.743531817717, 1201.7470615732746, 668.2828742381478, 469.0927413635815, 673.7039409117331, 438.4164686687762, 0.0, 251.80349481291955, 1106.752004741803, 703.0824987154779, 664.2665127793211, 692.7257754696299, 1165.5213425759307, 1138.9754167671927, 1560.0054487084333, 1251.0575526329715, 1664.6471097502917], [3023.0517693218553, 1732.2909686308476, 692.3618995872029, 1628.0740155164935, 1596.696902984408, 1663.9092523331915, 1986.8137809065047, 1928.164412076937, 2141.560645884211, 
2364.201768039268, 1581.4730475098208, 2067.371761440114, 2061.3648391296483, 2262.0674172093104, 3686.523701266547, 1367.5938724636053, 827.3626774274992, 596.2591718372138, 866.1697293256098, 684.965692571533, 251.80349481291955, 0.0, 1319.8806764249562, 943.2030534301721, 915.4807480225895, 867.1078364309712, 1363.4753389775701, 1282.2987171482314, 1811.353085403285, 1488.7074930959407, 1893.5112885853098], [2163.0628747218607, 629.08584469848, 820.0, 582.3830354672086, 377.6373922163959, 366.7601396008023, 705.352394197397, 1185.5399613678148, 1424.6448680285202, 1645.0206685631642, 426.5301865050116, 880.2232671316976, 764.7025565538538, 1073.3722560230444, 2422.5560881019865, 367.00953666083393, 559.0724461105198, 
782.8588633974837, 464.34577633483434, 714.07912726812, 1106.752004741803, 1319.8806764249562, 0.0, 465.5802830876754, 735.8328614570023, 1293.0386691820163, 1420.6547786144247, 1667.238735154627, 991.4923096020462, 1125.3999289141616, 1503.3196599525997], [2203.686456826379, 1060.2490273515934, 681.1967410374186, 989.4690495412174, 832.2169188378713, 830.9524655478194, 1169.3609365803186, 1527.2491610735951, 1770.5801309175476, 2000.4624465358004, 638.4426364208456, 1125.3203988198206, 1133.285930381208, 1321.1196009445928, 2743.3937012393976, 719.7117478546533, 451.9568563480368, 554.0081226841354, 313.93311389530095, 270.3368269400231, 703.0824987154779, 943.2030534301721, 465.5802830876754, 0.0, 298.23648334836565, 836.7675901945533, 1043.7015857034999, 1238.6193927110942, 962.0519736479937, 861.4650312113661, 1289.353714075389], [2116.048439899238, 1350.4106782753163, 878.8003186162372, 1284.001557631454, 1111.9802156513397, 1089.124878055772, 1422.579347523364, 1824.698605249645, 2067.9296409694407, 2298.1281513440454, 776.3362673481125, 1216.1385611845387, 1301.6681604771625, 1400.4492136453932, 2836.643791525471, 1016.9886921691902, 699.908565456946, 720.7065977219856, 578.581887030695, 289.394194827747, 664.2665127793211, 915.4807480225895, 735.8328614570023, 298.23648334836565, 0.0, 
559.8115754430235, 753.0537829398376, 941.8943677504394, 895.8777818430369, 642.6079675821021, 1076.4757312638312], [2312.692370377003, 1896.574807383036, 1208.5085849922623, 1822.562207443137, 1666.720432466105, 1648.8765872556987, 1982.217192943296, 2323.7594539882994, 2564.186030692781, 2796.24212113329, 1304.6014717146381, 1690.311805555413, 1829.7270288215125, 1856.0681560761716, 3274.062461224587, 1547.8065124556106, 1128.6828606831948, 1038.0004816954565, 1046.136702348216, 666.5568242843216, 692.7257754696299, 867.1078364309712, 1293.0386691820163, 836.7675901945533, 559.8115754430235, 0.0, 505.5066765137727, 459.5671876885903, 1229.460044084394, 759.9644728538302, 1092.628482147523], [1876.5247133997464, 2049.6929038273024, 1592.0364317439473, 1998.2517358931532, 1792.438004506711, 1728.7964021249004, 2033.6986010714568, 2567.0638870117746, 2810.4499639737405, 3038.7992694483787, 1272.039307568756, 1530.1584885233294, 1755.1666587535212, 1659.2202988150789, 3007.762291139378, 1745.9221059371464, 1446.3782354557193, 1422.9462393217814, 1330.7174756498841, 993.6422897602537, 1165.5213425759307, 1363.4753389775701, 1420.6547786144247, 1043.7015857034999, 753.0537829398376, 505.5066765137727, 0.0, 371.6517186829626, 965.2921837454192, 442.76969182634895, 624.0592920548495], [2214.3938222457177, 2290.0275107517814, 1667.6345522925578, 2225.754928108663, 2044.8298217700171, 2002.656236102442, 2323.0680145015126, 2756.3113031731377, 2998.5303066669176, 3230.002476779236, 1585.587903586553, 1884.8129880706997, 2088.871705012062, 2021.8696792820253, 3379.3326264219686, 1958.317900648411, 1576.3644883084623, 1496.877082462017, 1483.187108897593, 1109.990990954431, 1138.9754167671927, 1282.2987171482314, 1667.238735154627, 1238.6193927110942, 941.8943677504394, 459.5671876885903, 371.6517186829626, 0.0, 1333.1444032812049, 809.4566078549238, 961.0020811631991], [1241.815606279773, 1510.8275877809485, 1635.9073934670018, 1509.8519794999772, 1250.9728214473726, 1118.7323182960256, 1323.8704619410466, 2134.574899130972, 2361.7319915688995, 2565.6675544582936, 602.6715523400785, 601.2403845384972, 899.4470523605045, 700.4691285131701, 2057.574542999597, 1352.7531186436054, 1384.490158867155, 1516.055737761643, 1243.4830115445889, 1152.389691033376, 1560.0054487084333, 1811.353085403285, 991.4923096020462, 962.0519736479937, 895.8777818430369, 1229.460044084394, 965.2921837454192, 1333.1444032812049, 0.0, 523.6888389110464, 642.2997742487537], [1561.0483656824986, 1739.092291973028, 1515.231005490582, 1705.4867340439796, 1473.3570510911468, 1383.186176911843, 1661.9293005419936, 2308.767636640812, 2549.206150941897, 2770.415131347647, 886.1021385822291, 1091.5841699108685, 1335.0374526581643, 1216.5973039588737, 2575.281926314088, 
1481.8478329437203, 1310.8047146695803, 1361.6258663818046, 1175.1595636338072, 931.6158006388686, 1251.0575526329715, 1488.7074930959407, 1125.3999289141616, 861.4650312113661, 642.6079675821021, 759.9644728538302, 442.76969182634895, 809.4566078549238, 523.6888389110464, 0.0, 434.35584490138956], [1255.3585145288178, 2089.4882148507086, 1949.2588335056994, 2069.961352296221, 1823.0534824848119, 1710.9929865431945, 1949.8564049693505, 2686.8414541985912, 2923.2839410498595, 3138.197093874124, 1189.8714216250426, 1234.0279575439124, 1541.7457637366804, 1299.0465734530076, 2505.1634677202205, 1868.4844125654354, 1740.6665390016549, 1795.969376130896, 1603.205850787727, 1365.0073259876667, 1664.6471097502917, 1893.5112885853098, 1503.3196599525997, 1289.353714075389, 1076.4757312638312, 1092.628482147523, 624.0592920548495, 961.0020811631991, 642.2997742487537, 434.35584490138956, 0.0]]